10 10
10 11
0 10
0 11
1 11
5 12
11 12
12 12


1 
2 
3 

















































































































































































































































































































































































































































































































3 
1 
